.1 .025 0 .001 .025 1 200 0 0
.2 .025 0 .001 .025 1 200 0 0
.3 .025 0 .001 .025 1 200 0 0
.4 .025 0 .001 .025 1 200 0 0
.5 .025 0 .001 .025 1 200 0 0
.6 .025 0 .001 .025 1 200 0 0
.7 .025 0 .001 .025 1 200 0 0
.8 .025 0 .001 .025 1 200 0 0
.9 .025 0 .001 .025 1 200 0 0
.025 .1 .001 0 .025 1 0 0 200
.025 .2 .001 0 .025 1 0 0 200
.025 .3 .001 0 .025 1 0 0 200
.025 .4 .001 0 .025 1 0 0 200
.025 .5 .001 0 .025 1 0 0 200
.025 .6 .001 0 .025 1 0 0 200
.025 .7 .001 0 .025 1 0 0 200
.025 .8 .001 0 .025 1 0 0 200
.025 .9 .001 0 .025 1 0 0 200
